/*--------------------------------*- C++ -*----------------------------------*\
  =========                 |
  \\      /  F ield         | OpenFOAM: The Open Source CFD Toolbox
   \\    /   O peration     | Website:  https://openfoam.org
    \\  /    A nd           | Version:  10
     \\/     M anipulation  |
\*---------------------------------------------------------------------------*/
FoamFile
{
    format      binary;
    class       cellSet;
    location    "0.3/polyMesh/sets";
    object      refinedCells;
}
// * * * * * * * * * * * * * * * * * * * * * * * * * * * * * * * * * * * * * //


960
(
798725 
798737 
798749 
798761 
798773 
798785 
798797 
79953 
131153 
182353 
798809 
28764 
798821 
798833 
788620 
788629 
796858 
796865 
796874 
796883 
796892 
796901 
796910 
796919 
796928 
796937 
796946 
796955 
796964 
796973 
799024 
796982 
799031 
796991 
799040 
799049 
799058 
799067 
799076 
799085 
799094 
799103 
799112 
799121 
799130 
799139 
799148 
799157 
797132 
797136 
797140 
797144 
797148 
797152 
797156 
797160 
797164 
797168 
797172 
797176 
797180 
797184 
797188 
797192 
797196 
797200 
797204 
797208 
797212 
797216 
797220 
797224 
797228 
797232 
797236 
797240 
797244 
797248 
799297 
799298 
799299 
799300 
797252 
799301 
799302 
799303 
799304 
797256 
799305 
799306 
799307 
799308 
799309 
799310 
799311 
799312 
92753 
143953 
195153 
799313 
799314 
799315 
799316 
799317 
799318 
41559 
799319 
799320 
799321 
799322 
799323 
799324 
799325 
799326 
799327 
799328 
799329 
799330 
799331 
799332 
799333 
799334 
799335 
799336 
799337 
799338 
799339 
799340 
799341 
799342 
799343 
799344 
799345 
799346 
799347 
799348 
799349 
799350 
799351 
791159 
799352 
799353 
799354 
799355 
799356 
799357 
799358 
799359 
799360 
799361 
799362 
799363 
799364 
799365 
799366 
799367 
799368 
799369 
799370 
799371 
799372 
799373 
799374 
799375 
799376 
799377 
799378 
799379 
799380 
799381 
799382 
799383 
799384 
799385 
799386 
799387 
799388 
799389 
799390 
799391 
799392 
799393 
799394 
799395 
799396 
799397 
799398 
799399 
799400 
799401 
799402 
799403 
799404 
791213 
799405 
799406 
799407 
799408 
799409 
799410 
799411 
799412 
799413 
799414 
799415 
799416 
799417 
799418 
799419 
799420 
799421 
799422 
799423 
799424 
799425 
799426 
799427 
799428 
799429 
799430 
797383 
799431 
799432 
799433 
799434 
799435 
799436 
799437 
799438 
799439 
799440 
799441 
799442 
799443 
799444 
799445 
799446 
799447 
799448 
799449 
799450 
799451 
799452 
799453 
799454 
799455 
799456 
799457 
799458 
791267 
799459 
799460 
799461 
799462 
799463 
799464 
799465 
799466 
799467 
799468 
799469 
799470 
799471 
799472 
799473 
799474 
799475 
799476 
799477 
799478 
799479 
799480 
799481 
799482 
799483 
799484 
799485 
799486 
799487 
799488 
799489 
799490 
799491 
799492 
799493 
799494 
799495 
799496 
799497 
799498 
799499 
799500 
799501 
799502 
799503 
799504 
799505 
799506 
799507 
799508 
799509 
799510 
799511 
799512 
799513 
791321 
799514 
799515 
799516 
799517 
799518 
799519 
799520 
799521 
799522 
799523 
799524 
799525 
799526 
799527 
799528 
799529 
799530 
799531 
799532 
799533 
799534 
799535 
799536 
799537 
799538 
799539 
799540 
799541 
799542 
799543 
799544 
799545 
799546 
799547 
799548 
799549 
799550 
799551 
799552 
799553 
799554 
799555 
799556 
799557 
799558 
799559 
799560 
799561 
799562 
799563 
799564 
799565 
799566 
791375 
799567 
799568 
799569 
799570 
799571 
799572 
799573 
799574 
799575 
799576 
799577 
799578 
799579 
799580 
799581 
799582 
799583 
799584 
799585 
799586 
799587 
799588 
799589 
799590 
799591 
799592 
799593 
799594 
799595 
799596 
799597 
799598 
799599 
799600 
799601 
799602 
799603 
799604 
799605 
799606 
799607 
799608 
799609 
799610 
799611 
799612 
799613 
799614 
799615 
799616 
799617 
799618 
799619 
799620 
799621 
791429 
799622 
799623 
799624 
799625 
799626 
799627 
799628 
799629 
799630 
797582 
799631 
799632 
799633 
799634 
799635 
799636 
799637 
799638 
799639 
799640 
799641 
799642 
797594 
799643 
799644 
799645 
799646 
799647 
799648 
799649 
799650 
799651 
799652 
799653 
799654 
797606 
799655 
799656 
799657 
799658 
799659 
799660 
799661 
799662 
799663 
799664 
799665 
799666 
797618 
799667 
799668 
799669 
799670 
799671 
799672 
799673 
799674 
791483 
799675 
799676 
799677 
797630 
799678 
799679 
799680 
799681 
799682 
799683 
799684 
799685 
799686 
799687 
799688 
799689 
797642 
799690 
799691 
799692 
799693 
799694 
799695 
799696 
799697 
799698 
799699 
799700 
799701 
797654 
799702 
799703 
799704 
799705 
799706 
799707 
799708 
799709 
799710 
799711 
799712 
799713 
797666 
799714 
799715 
799716 
799717 
799718 
799719 
799720 
799721 
799722 
799723 
799724 
799725 
797678 
799726 
799727 
799728 
791537 
799729 
799730 
799731 
799732 
793589 
799733 
799734 
799735 
799736 
799737 
797690 
799738 
799739 
799740 
799741 
799742 
799743 
799744 
799745 
799746 
799747 
799748 
799749 
799750 
797702 
799751 
799752 
799753 
799754 
799755 
799756 
799757 
799758 
799759 
799760 
799761 
799762 
797714 
799763 
799764 
799765 
799766 
799767 
799768 
799769 
799770 
799771 
799772 
799773 
799774 
797726 
799775 
799776 
799777 
799778 
799779 
799780 
799781 
799782 
799783 
791591 
799784 
799785 
799786 
797738 
799787 
799788 
799789 
799790 
799791 
799792 
799793 
799794 
799795 
799796 
799797 
799798 
797750 
799799 
799800 
799801 
799802 
799803 
799804 
799805 
799806 
799807 
799808 
799809 
799810 
799811 
799812 
799813 
799814 
799815 
799816 
799817 
799818 
799819 
799820 
799821 
799822 
799823 
799824 
105553 
156753 
799825 
799826 
799827 
799828 
799829 
54357 
799830 
799831 
799832 
799833 
799834 
799835 
799836 
799837 
791645 
799838 
799839 
799840 
799841 
799842 
799843 
799844 
799845 
799846 
799847 
799848 
799849 
799850 
799851 
799852 
799853 
799854 
799855 
799856 
799857 
799858 
799859 
799860 
799861 
799862 
799863 
799864 
799865 
799866 
799867 
799868 
799869 
799870 
799871 
799872 
799873 
799874 
799875 
799876 
799877 
799878 
799879 
799880 
799881 
799882 
799883 
799884 
799885 
799886 
799887 
799888 
799889 
799890 
791699 
799891 
799892 
799893 
799894 
799895 
799896 
799897 
799898 
799899 
799900 
799901 
799902 
799903 
799904 
799905 
799906 
799907 
799908 
799909 
799910 
799911 
799912 
799913 
799914 
799915 
799916 
799917 
799918 
799919 
799920 
799921 
799922 
799923 
799924 
799925 
799926 
799927 
799928 
799929 
799930 
799931 
799932 
799933 
799934 
799935 
799936 
799937 
799938 
799939 
799940 
799941 
799942 
799943 
799944 
791753 
799945 
799946 
799947 
799948 
799949 
799950 
799951 
799952 
799953 
799954 
799955 
799956 
799957 
799958 
799959 
799960 
799961 
799962 
799963 
799964 
799965 
799966 
799967 
799968 
799969 
799970 
799971 
799972 
799973 
799974 
799975 
799976 
799977 
799978 
799979 
799980 
799981 
799982 
799983 
799984 
799985 
799986 
799987 
799988 
799989 
797941 
799990 
799991 
799992 
799993 
799994 
799995 
799996 
799997 
799998 
799999 
791807 
800000 
800001 
800002 
800003 
800004 
800005 
800006 
800007 
800008 
800009 
800010 
800011 
800012 
800013 
800014 
800015 
800016 
791861 
791915 
796049 
796061 
796069 
796077 
796085 
796093 
796101 
796109 
796117 
796125 
796133 
5608 
796141 
796149 
796157 
796165 
796173 
798223 
798227 
798231 
798235 
798239 
798243 
798247 
798251 
798255 
798259 
798263 
798267 
798271 
798275 
798279 
798283 
798287 
118353 
169553 
67155 
798291 
798295 
798299 
798303 
798307 
798311 
798315 
798319 
798323 
798327 
798331 
798335 
798339 
796300 
796307 
796313 
796319 
796325 
796331 
796337 
796343 
796349 
796355 
796361 
796367 
796373 
796379 
796385 
796391 
798466 
798470 
798473 
798476 
798479 
798482 
798485 
798488 
798491 
798494 
798497 
798500 
798503 
16168 
798506 
798509 
798512 
798515 
798518 
798521 
798524 
798527 
798530 
798533 
796488 
798536 
798539 
798542 
798545 
796499 
798548 
798551 
798554 
798557 
796511 
796523 
796535 
796547 
796559 
796571 
796583 
796595 
798654 
796607 
798665 
796619 
798677 
796631 
798689 
796643 
798701 
796655 
798713 
796667 
)

// ************************************************************************* //
